011100011001010011011101111011110011111001111100111110010010101001001100001011010001111011111101100000101101110010100010110000110000000001111001101101010001000010100111101001010101101101000001110001011101100010111010111110100001001010011101001110110110101000100110111000000010111100000111000110010101110001101000110010010001010110000001111010101001111110101100011101111111100001100011
001101101000110100110110100101010011110001000011111000001110000010001111100101101000000001010011111100110001000110000111101101100000101000101011110110000000011101101101100000101010100000000001110101010101100111101001100101001110101110001100110001100011000010101100010010000100100100101011000001010000100100101000001000100100100001000001110101000101001111001110110011000000011111001000
111001011110111001100011111011101001100111011010011011101000010110010111010010011110000001111101000100100010010111001101111110000011000001001101100101100100101001010010010100100000001100010000110001000110111101001001010011100110010000000110101100101100001000110010111001110101011110110001101000010010100111100000001010101000000101000110010000000000000110011000011100110011100001000100
111110101001111111000011110000010111001100101101011010010001011101001000110100000111000010110111010010011011111110101101101001011110001000001001001000110000011101111110011010111100111110010011000111010101001110010010110110011101110101001111101001010000010110000010001011110111010001011100001000000110010000111011010010001100110100001001010011100011110111111010101000100010110000111011
010101001111000011101010010100001010010011111011010011100010011111101111111101011101110000101110010100011111011010000010010101100011101100101001001010100000011010010000110110110001100010110000011100110100100001011111101101000111100110111011111111011011110000100001110100110110101100101111011111110011000010110001010001011101011110011111001011101000100110011100111000000011110101011000
000100100100010011100110101000110001100001001100010011100010010010011011111110110010011001001011110101101010001000100010001100010011001110001100000011111101001111101001011111101000001010100000000111010100011000111001001101101110100110110101011101000101111001011101011001101111111100101100101111001000101101101001111101010000100101000000000001111001001110110010011101000110111100001001
100101001000001111000101110100100011011011011011011010100101110010110101010110011000101010001110001000100101001111100111010010101011111000100110110001010001111000011011101010011100101011101110000010111101011010110111001001101110011111111001000001000011101110101111110101111111111111011010001001111100100011000001111101111001001111111100100011100010110000100111010100110010010110001010
000000011001011101100011011000001101010010010001011011000111110010110100111111101100010010010010011100001110000111001101001100110111101100111101010001010110001010110011100111011011000000110110100011100101110100000001000000001100001101100000010011110110111110001111011001001111000110011000101110111111100110100100111010010001000101101011000011001100011011111110100001001011100001110110
100101101011010110011000101000010101100100000011011010011101000000001101101100001001011000100100101001000110100110101110100110100110010100111111010001011001000111111000001101001101000110000110110010000011001111100100011101001100111110001001010001110100000000010101111100010111101011111010010001001011001010010111001001111011000101000110100011100111111100111001111100101110000011101010
011001101011100010000101110111111101011010111001001000110110010100000100011001111111111110111110110101011110011110000111110000011101101100000011001011111111100011010111010111110010101101100001101101111100010100011010101110001110110110111010100110000001010000000111111000111100100010101000110010010100011100110110011011001111101100110000010101010000101000011010110001010000100010111011
011101011111010011110110111111011010000110010000000011110010000100100101100001100100000100100101101000010100110110110110110100011000010010110100011010100011111001110101010101101001100001101011111001101001000100100011111000111110110011100010011100011000101111111000110001000001001011111110000010011011011110100001100101100011001011001100000110111110101010001100111011010100101011110100
000001110010010001110110110100011010011110000111001011100100100101000110001111110001010001001100111011000101001110010001111100110100100000110001110110010010111111011111001101100110001111110011011111011100001101001011100010011111000001001101101000111111101101100010010010110011010001100010010110101111100100101111000111100111011100000101011000000010100011001101111110001100000110101011
000100100100100011110111011011100011000011100101010010101100001111010011111000111100011101110010000001110100011000011001101110010001010010001111010110101011111101001001000000011101001111000010011011000011100000111010000011011110001001111010100110100100110111111101110100010000100110000100110101111011010111110101100100110000000000000110101001101100000111110110111101100000111001111110
001001100011000001111011111011111111010000001101000011110110110100011110010000001010000101000101110111000000110100001110010100110011010110100111000001010001110100101000010100011101111011100101000011000101011011011110100010101110000111001110011110110000001101001000001110001110011001101110001010111001001110000011100011000011110000011101010010100111011100011101010000011110111110100100
100100111000000111100000010111101111111111101010100001111000001100110001011111011111010110010000011101110010101001110101110100100110111000101001011010000001010111101111101101010001111111111100101110100101011101111010101010011110010010110100000111101101101011011111101000001000000000011110010000101101100001110010111110000000100100110101111000011011101010000111101010000000001011010111
001101000011110001110011000000111011000101101010101000110100110011110010110111100111001101000111000101110001101110110001011111110111010011010010111111100111111000101111110000011101111011101110111110110001011110000110000001101110100101000010011101111000010100001000100000111010100101011111011011010011110000001110111101010111100111101101001010110001001100001111000000011001011001000010
100111100101000110011000101000111101001100010100110001100111101010001110010011101000110001100101001011111011000100011000100111011000011111001001110011110100001001000101111001111111100011011100111011011111011100110001110010000101001010101110101000110001010000000111110001110111000000001100110011011001101110110101100111111000001011010000001000000101110001111010010101011100100110001011
111111001111111000000010111110010111101100011011010101011110011001010110000011010010101001011011010110001000011100000000011100110010110110110000100101001101000000101001010111000001100110111000100100001100010111000110010001111100011001001010010001010000101111010110101001111111010011000001010011010111111111100011110111000001111110111001011011010100000111010100011111111101101110111101
110110101011110011110100011101100111110100000101001100111100111001000100000000011110111010010111011010000011001011010010001010101101100011000000101100000100110110011010010111001110101001100000101111000010011111000010010001101011111110100100110100010101001010111110111010000001000100001110010011111001010011000110011111111100000100100100110111110001000110101100100110010111000100101100
000010111100100110010010000010110100101101000011001110100010010101001001010101101001110010010001000010001100100001101000101011000110110000001011010000100001100001001001000111000010101110111110100001010111001000011011001000000101101100110101111110001001110010100100011010110011110000110101010000001111110111111100010010011011001001000011110101110000110100111000001111101100100011110011
101000101001111101101000010000100111111101111010110001000011100000100111011000011010110110001111000001001110000010011110011111100101011001110010110000110100101010011011001001010010111100101001011010010110011111001000110010101000101001101001110010011001000101111011001001000111100010101001010001111010111001110100100010000100001010001100101111111110011001110011000011101100011110010001
010010111000011100011011101110111001011100011100111100011000101100001010111001100111101111001011010100000010011001100111110000111010000011100010111100000110100111111001110111100010010100000001111010000001010101000100000100100000110001000110111110111110110001001011110000001101101010001101111010001111111110000111101110001011110001010111110111100001010111101011100000110001101000001111
110111011101110000000100010011001111011011001100110111111100001101010110000111111110001011110001110101011010100110001011001110011101000000100111110000100001101010000000010101010011001011111000011111110101100011001111001101011000110100010010101010011111000010111010101001001010001000011011011100101111011000010000000110011011110110111001010010101001010100101101001100111001111000010110
010011110000110001011100010001100001101110010011000001111010110100011101011111010110010010101110111000011001111111101101000001010011011100110011110001110111000111001011101100100011000000010111001011110000001110001100100000001111100100001011000011100010100011000101101010011110110010100011111011101010011110001010011010001011011110100010010010110001010111010101001110111000000000111010
110011011100011110000010001110100001100010010000000001010100110010100100010111110100111100100101100110111111100001101011101010000001111011101001100010000011100011110110100101011100001100001111010101101101000110001101110010010111100110111110001100110101100001100110001101001001101001110100100111000010100100101100111001011111101000101110110001010110000110011011010101000100100011100010
110000011110001011010001001011110000100010011000100011010110010001111101010101011010011011001100110001011110011010011101000110110011110101101001000111011100110101000101110111100100010010011011001000111111000100010110000100000000000101011000101110001101101110110010001000011101010100101111001101001000001000110011111001011101111111000111001011000100101101001011101111111101100000000001
100101110111101010101000100110110110110101001110101100011000110001011011000001110000111110101001010011000111000111101111011111111111110100001011000011111100000100001101010011111110101100010010111001010110111000010100110000100100111010001111000011000000111111100001011010111101101000110111101001100010111111110111100000100110101010100010110000011101011100110000101010100111010110111111
111001110100100111001000001010111100110110010100010010000000100001110010010110000000111011100010100100111000011101011111110001111011110111110010111100011110010011101111100111100000000111110000011110010011110001101111110110100100010111100000011101101100110011000101111100000111100010111110000011010101000000011001100011010100110100100011010110101111011000100111111000011011001001111000
011100100101111110101111010111010001111011100101000101000000110101011001001000011110100000010011100000010010100011000110111110100011011101110111111001011111100101001001010101011111101111000011110001000000011101110000010011001101000110010000000011001010110011011000111111111001101010010111001101001111010010000101001001110001010110100100101001111101111100101111100111101000000111010000
100100101011100100001011010111110010111011001011111101000011101100110101111000011011010011101101010011010011101110010110101000100111011001100010101100101010111000100000101000001100111001010100111000101011110011010011110111000111111000011101101011111001010000000010001100100001000000001110111001111111001110101111100000010000011000011110100101010111111100000110100000111111001110111101
000001100110111100110010001100001101001111010100110011100000101110101000010111101100011101100000101001011101110010111001100100100101100011110011011111110010110010001011010001101011000110011110010000001000110110000110111000111111001101100000111100101111001100110100111010100111000100100100101000110010001000011001111000111110111001011101101000011101100111111111001101011100011011101100
101110101101010000011111011011000110000001111110001101000111101110000110111010011000011011101011100100101001011011010101000011001111110010101100101000010010001110100001010110010011011111100110011011011100010000111110001010111000101001111011111001110001001110100110100111111110000101110100010010110110101111101001011110010101111000011000100001000001110111101010110001101000010100000011
001110110110011101001011100010110101111011010010100100000100101101111110100110101000100011100110110001100010001010100011011000001100101001011101001110001001110011110010110010011011001101110101000010100101101100100001011000110100110101010100000100000001111001000001111111100110000100100111111101100010010010101101001111101001101001111100011011001001001000110111100010100100111100000011
001100111101111111111111001011001010111101011000101011010101101101011110011001000011110010011000010000111100010000111000001111110100011101101000100110111001011110100100110111001110100100000001000110110010000111101111001000110100100110111101101110111001011001110111101000110000110000111110000111111000010101000010101110010110010001110010000001111110000011011101111101011101101011011010
111100010110110000001001000000101000001001001011110000111001101001010111010110101111101100001100000000100100000100110001000100000101000011001000001110010100000100100011110111000001110110110110010111011111011101100101010110010000101001101001101010111111011110011000101010100110111100111101000100011110011111101111100111101010000001011101111011110101011001100111001000000011001011000001
011101111101000001111111011010011011100101101100001100111000010010010100100100001010010011101110000110111101111010000001001100010011101011011011110000100001101000001110010101011011001000001110110101110100101001111101101010010110010001001111101001011110110110011001111011001001011110101101001001100100001101101010110101011101011111010011000010111111101001111110000110000011010001101010
011110101100111101000001110110111100111100010110011001011000011110110101010111101110111010000001111010111110011001101000101001000011101010110010111111100000110000011111001110100110101001100011011000111000111010101011100000011001110111101010001000011110111110100111111000111100101000000110100000000010100100101011110000111000010101001110111111010011001000000100100010000110111101111001
101001111000111100111001000111011110100000000010111000010011100100101000010100010110011011001100010110010000000011001001110011100100111111000000001111111000000000101111101011011011001101010111101011100101010001010001001111100000100111111010010011011100101101101111101100110100000011110001011011101111001000110100111101111001111011010111011001110011101010011001000110110101001010111000
101110001101110110100101011011000001011111010100110100010101000000010010000001101100100000000010010110110001001110010110101010010010000101000011111011101110010011101100000010010101011111101011100111011001111000101001010110101110001011010010000100110010000000100100111001011101100011010000101110001101101101010011000111010111010011111000011111111111111111111000111111000011111100101110
000111000010100000000101101100011101111100011110100011110100010011010001000010001011101001100101011001010100001111000010001001101000001010111111111001100110011010011011010111111111100010101100001000111100101001000101110101010011111110001000001011011010001010101010101110100001010100101110100100101011001011100000000001010011010000000101100111011101100001010001100000110110010010010101
010001111110101010001110001111011011101111111100100101010000100111000010111101101110001101011110000101001110000000110101111100000011011101001111001101100100100101000000001011001111010101100101111101001001101001111000001110000100000011000001100110000001100001100100001100000100100111000001010011010010101110110100001011011100011000100010000011101001111100010010001000101000110100101101
011100101011111011001100011001101011101010000001111001101000011001100000101011100000010001010011001000101000000111001011101000000010100111010011101000110101110101000011011001110100110000001011001111110010010101100111101100001001110110011000011101000001010110000000001011001010000000001000100010110001001010101110010000111101101100011011001111100010111110100001100011110010000100000101
111111010100111111011111001100111001010011101100011100000110101011111011011101111100111000010010100100110101000111011001101000111000010010101010001000010100101001101000000010100000011001001010101100110100111011111010100110011000001011110000010101111011100001001000100010001101000001110000010101101010011011001010000001101110001100100010000011110100110011100101001111000111010101111001
100011101101110101011111100010111010000111011001111101010011010111010001001011101011100011000110111010011100101101001011101000101110100001100110011110010101010111100111101110011001011110011101001001110010101111000101000100011010000001110011110110101111001001100110001001110110110111000110000111111010101101011110100100010101100110001011000100011001010110100000011010111000011110010001
110010101011111001110010000110011100001010001001100011010111011000111000100000000000100100110011001111000101100011111011001111010001110110010101011010111011110111010010100110000001001011010001001101010101111110100000011011101011111011000101010101011010000001110011101110011100010001010101101110011000011011111111010100000111001110010110010000010100111101111101010101100011010110100111
000111001010011101001001000011111000101100101110101010100001000000101110000011101100001100100101000010110111101110001010001110001000010110100001011101000100011000111000011110011101101110010101011001001011011000110111100100001000010100101010101000100101101111100100000000110111011011111010001010111010101111001100011100100011100011110011100001000101100101101101101010100101000100101011
000000011100011111001011110010100000110011110101011000000110011000110110000001001110001100001010101111000000100000001111111000110001100000100000010001111111101010010000111000010100111111110100111000100100010110010111010011101101001110001110111010101101101110100100010111010001010100011111000111000110011010010110101011001110001110011110000001001011000011010010111110001100011110010101
111110001000010100010100110011000000010100100011010001001010101011111111010000100110010001001101110010001011101001101001001001010010100011111100001001101111011111111010100000000100111101101111011101101000010111000101101000110010000011110001010011111011100111010010001110101111100101101001000111001010101011111011110001010100110100010010100000000101100101110110011001100110111101110011
011100101011000111100110101100101010111010100111100000011011111000000001100100110001110101010101100100110111010101101001110011011010100110001101111110000100001001010010001010101111001111010010111110110000100111111000011010001011101011111111011100111100010111001100010000111100101001001011001011000100101101101011010001100000010111010001110101001001110111010101101111100010001010101110
011111101110000110010110110000000110110010110100100100010101000010101010011100110000001110010111101111000011011000100011010011010101111000010000111001110110101011001110100010101101000111100001100101001100011100100100111000100000011000001110001100011001011000001011110011001100011000100110101011100100110111111011011111000111110010001101101101001000000101100000100011000101110001110111
000100010001111011011100011001111010110010101100000110101111101101111011110100001110100010101011010110111111000011011010000111011001110000010000101110101010010101111001011111001011101011101000011101001000101001100001000010111111001000100110010010110010010100111110001101111001100101011111101100110010101001010100000111010011011110110100111110101011001011011111000110010010000010010010
100110110111101010000111000110111001000010000011010101011011011010111101111011000010010100010100001110001100110110101100011110101010000100010011110000000100101110001100000000100010010011110011010001011001100100011010010111010111110010100100011001000100001000001111010101000000000111000101010101110110110001010110001100100100010001100010110111100001011000110010011111110100111110100000
001110010011100110101111011100001100111011100001011011010010110101100011110100000000000101010001001111011111011110001100111110100000011110011110011111101010010010011000101000100010110111000101110001011110100001100111010010000110110100111110101011011011001111010000010101101010100111001110110110000010000001000010000111001100101000011110010111111100010110000010100111011001000101111010
010010010001010011110010110010000111100100100110101011100111110010000010111010101001111100101001110001101110000101000101010100010111010100001010001010100101110001111101111110011100111011010000001010001000100001000111001111100011000010010001110010100110010111010110001110011000010101001011011000011011011011101011011100000011110101111001001010000011100001011111011010011001010111010000
100010011100011101111111100000010110011000111110010001101011001010001111101100001010000001001001100100110010110000000001110110110000110001000100110100111110101111111001100010111110100000000111011101110000000001100001111101101111011110111011101111011011111100001101100101111001011000000110100000011100000010110001111101101110000100100010111101100100100010011101111101111010111111111110
000011110110101001011111111001110001101111011101001000111110011011100011001010100100000011110010101001101010011110011111001011111100001111000110110101111010100111001000000101110001001010010000110100011101101110111100100101001000110000100110101111010011101100110011100110101001001010001010010000011011110100000110111111101111111111010010001010010100100111110000101000010100111011110001
100011001100001111000000101000010010010111001001010101110110101111001101010101100001100010111011110000111111100000111100000101000000010100111001011010010110100100110111000011101110100010110111110010110111000111001001110001010110101010100010100110011111010100001110000001000011101101101000000000100101000001101010101100011001110000010011011100011100010011110100111110111100111100101111
010111000001101001011111001011011100100110000101000111000010100011010111011110100010010000111000100101100010001100101111000000101010000000011101101111110001000100100010101000010010011010110010100010111101010110101010110010010101010110001010011001110110110110010111101111110101100001010100111101111000010100111101101110110001110101011100000111111000111010000010010100100011010001100000
011001000000011101010110100100000111010001001001010100101101010011101010001100101111010101000010001011001101100010010011110100001000010100000110000100001110111011101010100110111110001101011001001010000110111000001111010101001111100010110011011000000010011100011111001100101110001001000111010101011100110011000111011010111101100011111111010110000010110010011111011000011111110101011001
001011100111100100101000111100010001100011100000001100000000000110010110000011111101111001101000111111011010011011000111100001100010010010001011000101011001110111010101011100011100101010000011101011101000111110111001011011010011010011110000010010110011101111001101000011100111110001000111001100010101111001100101111111101111101000110011100100100110000101000011010000110101011100110011
010010110010101101100100110010010111110011010011100000110111110011011000000110010100010100100010110010010011110110000011010010110001111001100101000100100101111101100111100001111000000001100000101111111011010101001011000111010001100101001101101110000001101110001001011101110110101011011000100001100100011011011110001001101111100110000010001000110000110101011011001010100000110011111010
001010100011111101110000101010010100101000010011111011001110001111101010101010100011111101010000011111001010011011110101010010011101000010111011011000111000100100000001111010010110110111101100111110010111110100110011000101000000000100010010101001011100101110111011000001101000101111001010001011001101111000011010110111111000000110110001000001100000110001010000111010010000000101100111
111001000101100110001011000011010100110110011011110001110001000101010011001010001000101000101000100010110010000000101010000111100000111111000000100011111010110100000111000111010110101100100110010010010110100110100101010100100000001111000010000101000011010001100001001101101110101010101101010010101001000000100111111110000011000010011100110101110100010001101011111101101100111001010111
001010011111110001011011000011110110100010111110001001110101100010011010000010000010010011010011010011010110001100110000100110001100101010001101111001000010101000001010100100010110111101011101110010100110111000000111011011011110000011010100011110011010000101111010010100101001010110000001100011110111101011101100000010100101000000100110010011100001011000110101111101011100001001100010
011100001101010000000000101100110000101111100111001011111011000100110000110011100110111111101011011110101010111011000001100110100101100100100111110000000010000111100011101001101111111100110111001001010100011001010011010000110110010001100100100001001011111111010111011110100110100111010000010011110110110001110001111000101000010101101000011100010001101101110111001000100000001101011100
100100110100111001111000101011011101011110100010100011010111000000011001111100011010010101100101001010011011111000101101111000010011110011111110001011010010010001001001010011100000100110000010101101110101101111000101001001100010010001110000000110001111011111101000111111001010011110100001010000000110010010101000111000000001001011011000001001010110110011001010110111001110001100111001
111000001110001111001011111000000101101101111010000110000111011010101000000101011011100100011101111001001111000010100100000011101110111100000001101101010100100110000111010000000100000100011110010001011110000001001010001110100011001001001000001110101110101001000001011010111111111010000011110100110110111010001111111010010000111100100111111000100100011011011010001110010101110101010000
000001101111010111000110001100101010111100101101111001100000001111010101101100001110111011001000101010101100010110101011101001001000100110001111100100111000001100000111101000110101100111100110110110101100100111110001111010011110011010000101101001111011101110011100100000000001001010001011010111101010011110110001110011101111010111100100101001101010010100100100111100111111110100111000
