111101101100001011110001000000011110001001101100100000011101000111110011101101101100110100000111111111101111000100111111101010100000110000111000110111100011111101010000110001011111110001100011011100111110001110011100110001110010011001111010111000110011010110111011110100101000110110101111101011001101000001011111001010001001001011001000000000110110111001000000100110100110111111000010
000011111101001110101000011110111101010111111011100100011001001100101001100011011010110000110000100010110000100111011001011101100100111001001011110101001000010101001100000000111010000100101110000111000000010000111111111001000001100011000001011011110101101010110100101101101100100100110101101101010100101101010111111111000001000001010001101101101001001101101010101010110000000010110000
111001110110011010101001111110110100010110001010100101001101010111111101111000110011111101110000101010011110001100010010110110010110111011101111110001011110100110100100111100101000110001010111011111111101010001111111010010010010000000111110011011010000100111101100100100100100101010001001000111110010011100111011010111111011110111111100111100001100001010000010100110101010010011000111
100110000111110010111101000111111110101000000001010110110000010000111011001011000101111011101101010001100110110101011100101111010100010101100100110100011010100100100100000010010101100101111100110111011011110100101111011000111011011111110000111100010001000001000110010110001000111101110110000011011111101001010111001101000011110101000010101101110101011110011100001010010010111111011111
110010101001001011001101000101101110010010100111000110010010010000110101011111100101000000011010010101000011101010000111011010000100011110110101110011000011110011000010110100001000001101110101001110100111100011010011001000101010000111111001100111011011010111011001111110000001110110110001100000111110100010000000101011001011001001010101111000111111011011111011000110011001110011011010
011011010010011010111011001000111010111100000111110011001011110101100011101111001000011010100011010110100001010101001101010001100110000011011010111011100011101111010111101100010001010100100010111110011001100100100001000101110110111000011101100100010010001010110001010101010110110000100111001110010111100100011001101110100101110100010000110011001011000100011001001101011101111101001111
111011110101011011011001010001101010101111001001100011010111110011011000001101000000101001010111010001111001100010110101011000110000101011110101100111001101100110011001100000000110111110100010010100011000110100000110111101110010111100100100001001110010110001101101110010111001011011000110100111000111101110011110110101000010000100011010000110001001001110011001101110011010001101011111
000101111010001100001110011111010101110001101110101001000010001110100111100110011001010000111110010101101110100001110001011001101101011101111100111010001011111001010011100100000101000000000000111000001111001100101110010011111011101111110101101100101000101100101000100001010110011001011100100000000010101001110000011010101101011111100001011110111100111000001101000110011011110001011100
011110100100110110110111010011111101111011111010000000000000010100000101101011100110110111100011000011010001011100010010000001110101010011110011010111100000111000001011111000100011001111001100110100001111001111100101000000001111110001111101101111001000111000000010100010110001000010110001101111001110110110001011000110111001111001011000101100001010110011100000110000001000101101010110
110001101010110000111001000001101001000110101001101110001101111001101101000101100011101001001000010000000001111001111001110111010011110101001000011111100101010110100010110011011000000101011111110011111010111110101000111010011010011101100000100000100001110111001110111100010111011110000010111011010111001001000111111111000001000010110100111110001001000111000001000001011011010100010111
111111111010101011011001101110000000110110010101000101001000100110000000010110011011111000110111100000010000011110011010111011111010101111100000010100101001110011000011010100100000000001100001000011111010010010110000011110010110111011001101010001010011111001111000010100001011111100000010111000010101111100110010110110010100100011000111111101110110100000000000010001001110110100000111
100010000011001110101111001011001001110111011000111111001110000111100111101011000010010111110011100100110101001100101001011100100010100110101110000110011011111111101110010000011000101000101000000011100011001100110000011101010011001010001101000001011101010001101000011011010001001101110001100011110111010110010100100100000110110000100110110111101111101100110000010100001000111001001001
100011000110001111001011101110101011111101010111001000111000010100010001100101100000010000101000100011000000110001001100101111010101111111011111111100010011100010110100110110011110101000110000010100000110100011000111011000100100000101001000110010001011111001011101101110001110011010011111100111110011100110000000000010100111100011011011011011111010011101001110001001011011100111111100
011111001110100110001110010011110101001001101001001110110111000111010001000100001101110111001001101101110101010011100110110110111011011010101111101001100111110111100100011110011100101100010111101010100110100011000011101011101001111100001010001111111000010101011111100000111011000110110001010101000010011110001110111101101111100011001111010110001110001001011010000011011010101100110001
110101001111110111101111101111001100111101100011010010000000010001110110010010000010011000111100100100001110111011011101110001111111011011110110101001101100101101100101110010101101001001001100011001100010001001011011000101111100001010100000001001000011001100111001011001100110010101010111001010100101110101010101100000011101111111010010001010110101010100110111001010111101110001011010
000011101101101110010011110010001110111011110110010011101101111001000001000001101101011010100001001001110110111011010100111001111100011011110111000011000110100110001101101101110010110100000001010000100101110100011100101010001000011101010111001111100101111101010110011000010010111101010001111101101011000101101111100100111100110111001101101010111110000011101110100110001010001100100001
000000001011110011010010111111101111000111000110010111100110100011001111110000000001010100001000000000000000011011110000110100101011101001011000110000101011101010001000000110110001010110110101100111000000101101000011111101011110001110001100100111010010110101101111111101111011010000100110110111001100011010110100001100011111011010010010100111011101111010111110101111010100000010100111
111101100001101110101011101001011000111001010101000110010011010001011000001011101010101100101001101101111011101111001001101001100011001111111010110010010100110011001111010001000000001001110000000010110111000100010000001001000110010110110011001001011111100000100110001110001100010100000101011100110110111110110101000011101010100100011101011001001011100011001111011010010100110000010011
110001101110101110000100001110110011001001001100100111001101110000110011010010011110100111001100110110111100100001111011101000111100000100100010110000100000110100010110110100101110110000011100100011101111011111000010000100111010100000000011100001001010110110000000011101110110000000010110000010010000101100001011111011001100011110111101011000101100100010011101100111100101111110100110
111001010111011101011010000110101011011110001100111111101000010001110101111011010010101111111111000010010101111110011111011100001110111000111011110011101010100010001111100111011100101110000110010000111111000100000110010101100100101010010101101000011111011001011000111010101010100100010000011110011110101011001010001011011101011110010010100100001101100010101101010111010101111001111111
001101111001010011101110100001000010101000101010100100101000001011110101110111001111000010001001100001100001001101111101000110101011110101010000011000001000011011011001101001101000111100100010001101000010011000000101000101100001101101110101001101101001010011110000011100011000000100001101100110010110110101110101110000111010110100011110010110011101010001011110001010111000110101100010
110110111010100100011110111110000011110000011001101000110000110010001000011010001100010000101001010000001001100101010000011010010100000111010010110001111000001111111111100101101010110110111010111111000001100010000000011101011111011111101010111110001010100010011011110010101110100011100011001110000101110101010001000111100011011011010011010010111100011100001001000011000101110100100001
110001010101100100000101100101100110001110010001001010001110000010110001001011101110111110000111010101111010000100011001000110010000101011010001011101000010110110000000110110101010100010101001100110000110111100001000110110100010110100010001111101100011111110101110100111001011101000000001001110111100000010010000100101111111100111100110100101000100011000111111010000001001010111001011
010000010001111001101110101101101001010111001100111001101000110001011011011100111100111111111101111001100111011110000101011000110101001101111001110011001111000110100101001010100101110101001110100110101100011011010111101110011101010001000100100110000001000110000001110101111111101101111100111011100101011111101101110100110000011000111010100111110000000000110110111100110011010010110001
111010000010001011001110000111001111111000010000100011011100100110111010011011111111110110101100101010001101001100101001100110010110001101100001011001000111000111100111101100110101101101000100001011110011000111011000101000001000101010111011111010100011111101011001100000100101110011001000000101001011001100011111011110100100000001110100100100011001010011100111010011001101111110010000
001101101101001101001001111011110011011101010011100110010101011111000010110011110010111100011100110011000001110101011101001100001001101011010110110011000100010100011000110110011110100110001110100110011100001011110111110100110010001010111101110110000011101101111010110110100010111011011101101010000101110111111010101001101011111001110011010001101001110000001101111110111000011000101111
100000011101101001011111100111110000011000001011010100000111101001111011101011101110010000111100110010101111101110010010111100000110101000011101101010101111010110011000010001011011011001001110111100100110010001111111110001011011011111101011000001100101101010111010001100111111111101110010111110011010000100111001010100101011110111000100000001110000000011000100010010101111101110010111
010110110110011111010101110101011101001000100011110101011010000110010011010110110111100100101100101000000011001111110101111111010010001000110111101010101011101110110100100000001001110111000000000110010110011111010101010001110001011110000001111010010001010110001010101111101010001000011101111011000101110011111100011000001111011111110010101110011111110100111101101010010000111100011011
101001011111000111010111010101111101100000100101011100111010110011110000100100101000011101001011011101010111100011100101011010000010010000010011100110000001101111100011010111000010001110010110011110101101110101110010011110010010010010001001111110011111001011100111110100001001111110011001000110111011011101110001010111110111111101000101000110010111100000100011010101101101010110000101
110100001110011000100000101011100000110001011010011001101001101000001001001100011010110001011001110111001110011010001011001011111110110101010010011101111011101001110110010100001101011000010010111101100100001111011001100100001001010110100110010000100100100011111001010100111011100001001010001011110000110100101101100001000000001101100001101010110010011101111011101011100111000100101010
110101101011100000100100010010001000010100100001111111111011010011001011110110001001011000010100100101101100111000010000011001001011111110111110111011100010000100111111011101110000011110011010110100001010110111000001111010111001110101111101001001110011100011011111111100001010100001011010100110101101110010111000100111000001011000110110010110001111110101010101111011110000101000011101
100010110100010011100000000111010000001001101011101110101001101001000010101111111010010110010110111011100111011010110101111010000100100100001111001110111101100101001011001001101001110011001011101011100110000011001101101010000111111000000110100010011100100011110100101011001000011010011110101101000100000111101011100111000001100010001001110111001101110110011111101010110010101111110000
101101100011011100001100000001110100010011111111110100110110010100111010111010001001010010000010100101001101001010000001101011110100100100110100010010101011110011111001100001100011010010010001010001101110110110010001000110001011011111111001110000011111011011110011011010001000110100011001010011111111111110101000001101110011010011101001000100001111101100011101100011110100010101001110
011101000101101011011101110110100111001111011011111111010001101110001011011110111001101001010111110010000000010000110100100000110100101101111001101100100100010000100011000011110100101011001101111101011100011011101111000110101011111010000010110010100110111110111101011100011101110011010010100001100000101000100111111101011100111011100010000101101100011001110101000101110011001110000011
011111000011111100110011100000110110101101111101100111011000111111101110100001000000110110000011110100000110110100100100110100110010101001000011010001000101111111101011111010000010100111100111100101000111111000010011001110101011010000100010011010110011101111000100011111110000100101110111110100010010100010001110111000110001000011000100101001100110111010101100001101000011001111101100
010011011101001110000001111001100010010100010001100110001100010101011001001000111010011110011101001111010010111101110010100101001101100110010101001111101010111111110011111111001110011000000100101100101000101111011100100111000111001011100010111010101010101010100110110100101001111010011110000000111100000110111010100001100101000000010000001011100101010011110100011111010101000011001011
111001000010111100000100110100001001011111010100111001011101001110100110110101011110010011000010100001011001111110011011010110000010000101101100111101101000000100001101001101010100100000101101010011101101001101000111111101101110011101011111000100001101010000010100100001011011100100110011101001111110000010100000010100000001011101010100111111000001010110000111111001111111011101110101
110011101011111000001011011111000111101100001011100011011011000011100100100010101100011110001100110111111111110100101111000000101101110101011101111100110011110111010100100011010011011001100110000000001001110011101010001110011010101010001001110100011010100111111100000110001011001001001101011101000101011111011010011100100001001001100111001000111111101000011001100000100101110111101110
111111011100001110111101110001010101110011110110001101110000100010011100100110001101100111001111010010110101000100011000111101101101010110110010001001000010111000111110110111110000110000100000111010111101011001111111010111001000110000111000000110100011100010110011011110101101010011011111100111100001000011100001010001001001101000001010001000110011001110110011100111101010101001001100
110001110100101100100111111101111001000010111110000101100011000101111110101110101110011000100001100000101010100000111011011011110001010110000011101011100010011001011111001110101101011111110000111001000010001110001110001100100001111100001101111110111100011100111101000011101001111111010111101010100001010010100001010111111110110010100010001100100010100111001010001010101011000100010000
011001010100100001100010011010001110100011111010010101010011100110110111011110100111001111110111100001101100011000111101001111000011101000011010110111011111000001101110101101110111100111110101110110101000001010111110011010101011100000110100110011110101001001000011110111001110010011111010011100000110001000010001001000000111011010011010111101011100110011111011101010101001011111000011
011010100001011101100100011000100000101011110000010101011110001110011100111010100011101010100010111101001111101001000110010000010101111010100100011010110010111001000100000100011000100010110101110111110000011100101100001111011110010110100100110101010010011011110010001110100100010100001110110011100011010011110111101000110110001001110111110001010111011101111111001100011111101011110000
001101110100011000011100000010110010001010100010010001001100001010010010100100101101000000011110011110110000000010100011101011010011010011000011100010101100010110111100100110001100001000101011000111011110101101100111101111110011101000110100011011001110101011011111000000111110111001100110010110011010001010100110101010101110001100011000110011000010111011101010110100110110110110010001
111000111110010101000110011101000110010101000111110000111001010100010011000001011010100100010011010101000110101110011011101111000110100000000111100010100001011011001001001111010111000111111111000010110011101110010110111010010110010110100111111011111111110100111100010101010000110110011110000100011001111101111011110101010001010100011001010100100001101110000011100110010000000110000000
011001001111011110111100110001101111001010000100100101110001001111100100001110000011011111001111000110000011011110100001110100100100111011111101101001010010000111001111101001011100110001000011101011010011111111101101101101000110000011111011111001111000001011100111110010010100010110100000010101111110010011001000101110010010010011101000110010011101111011111101000110000111110111010111
001110100110010001100000001101111010101100100010011001100100110111001001011011011001101011110011011010110110001000010000000010101110110101101101110101000010001011100111100010011010010100111100111100000101001111110100011000011100101011110000001011000110001010001100101110011110000101000010010000111010100001010111001011001111101100110101000000001011000010001111010010001100101001010001
